12 14 103.8961290467812 
1 3 278.1037035052332 
23 32 190.8888722323947 
60 62 178.21134861957293 
38 65 247.3785476454174 
15 17 288.0300163496784 
19 34 136.21423853044791 
8 30 497.330256266179 
41 42 74 
16 17 189.0782284713879 
26 25 352.4288093756908 
12 16 139.0782284713879 
45 49 104.35189610059494 
69 75 132.7583589717297 
77 78 220.0000000000002 
2 12 146.4375679986664 
90 91 240.8722682667416 
61 62 142.8997158425687 
64 61 297.6834684517768 
98 100 110.60344790445824 
89 92 383.5845287194762 
28 29 58.95027936690118 
110 111 115.77371515723163 
70 75 91.59104885639486 
40 41 117.50647693704312 
75 77 36.79086560594564 
33 37 110.07012448011113 
62 66 180.7545909996473 
82 96 109.47302023293037 
26 30 396.9009207675388 
34 43 74.69897555945336 
55 56 34.63804688398912 
35 36 66.00000000000001 
64 65 441.199643541486 
103 104 41.57351228594672 
34 36 42.87226826674146 
5 11 164.72014293905906 
56 57 82.27115270403254 
82 83 268.8676732972822 
25 27 269.250734723916 
34 37 97.07706050879992 
85 86 46.53284100258884 
100 104 42.46891095283592 
23 25 355.586816198202 
49 54 113.45014072569145 
60 61 289.7291759205202 
21 22 127.4487513486693 
11 13 86.77771346971925 
1 2 173.22655276094886 
71 73 73.12773173325908 
83 85 180.11958946119452 
103 105 42.43954791386288 
96 97 30.93460811752938 
37 40 192.09420145406574 
39 40 143.09162500468292 
45 46 104.50541081511123 
50 57 106.27115270403254 
30 17 476.0953651430854 
104 105 42.31339152485382 
5 6 124.3797038479224 
24 70 79.3487429566752 
63 59 356.0766924599304 
88 89 199.7886435503416 
92 102 55.0146501409051 
18 19 118.794999236688 
8 9 468.2025245329214 
42 49 119.65475121034873 
84 85 150.7480838360877 
51 52 82 
49 51 173.41682402318065 
53 54 82.00000000000001 
86 87 88.532841002589 
65 68 283.7194472887106 
54 56 51.4388872488821 
101 102 45.01465014090532 
22 23 147.44875134866948 
17 31 110.84940055039561 
30 38 292.5347798093746 
92 100 30.20382865134756 
47 49 66.18041727694661 
68 81 248.0812841767694 
4 5 148.25654288963221 
92 93 117.52599338693877 
80 99 85.24495001215944 
68 69 352.6100628632818 
49 66 271.3685139704806 
63 64 356.0766924599302 
12 117 40.00000000000004 
100 106 51.04273313597454 
9 10 468.2025245329214 
7 12 67.50743558118054 
94 96 155.8655580112167 
71 72 81.99733665506707 
27 28 92.95027936690109 
3 12 85.75307026419596 
46 48 40 
56 59 72.0265815653009 
13 15 126.1561435755076 
66 67 210.3272349561698 
85 88 103.78864355034185 
80 96 22.0429221432143 
68 116 282.8722682667432 
95 96 83.99999999999999 
51 58 67.04103030099343 
59 60 190.99691471302432 
17 113 178.07686400011028 
23 24 114.03445224310111 
81 80 248.0812841767686 
6 7 105.50743558118045 
52 53 46 
37 39 197.09162500468292 
89 90 258.6459627927022 
59 61 210.7059767221036 
99 100 84.11721827890108 
15 33 156.0701244801111 
54 55 10.006391224145972 
56 58 73.23718890539288 
105 107 49.82953513076698 
106 107 34.95726686402536 
35 37 75.40531248162638 
44 45 67.99999999999999 
85 89 151.7439765820832 
43 44 38.69897555945336 
3 5 199.69789499786694 
100 101 57.3163191164487 
75 118 116.87226826674166 
27 32 68.65726513756094 
40 42 97.51879908601248 
29 31 82.0000000000002 
94 100 179.4609905042938 
93 94 93.52599338693946 
31 32 94.81244822890788 
70 71 155.12506838832644 
46 47 44.6940422703853 
20 21 99.44875134866933 
74 75 50.87226826674164 
54 59 79.4191384257762 
77 80 151.7572661856123 
80 98 67.99999999999999 
55 59 81.53818109372499 
69 77 192.13016532457354 
76 77 116.87226826674161 
47 69 156.54657217860583 
27 115 60.0000000000013 
100 103 97.18068706536016 
69 70 58.78846520802474 
94 95 166.80130506547107 
32 114 67.23420396627216 
15 19 101.70638882154464 
24 72 134.25546346651748 
4 11 155.3842746228896 
105 108 53.69147183641214 
83 84 128.74808383608763 
92 94 106.40700604516697 
17 18 153.66726750342946 
32 113 104.94913226685188 
14 15 131.8961290467812 
8 5 545.4903031552586 
108 109 57.69147183641224 
78 79 141.99999999999983 
103 110 72.02917862374827 
49 69 145.4795500374516 
109 110 73.6914718364126 
62 67 154.32723495616986 
76 118 66.00000000000001 
79 80 220 
70 74 89.08446656285012 
91 92 175.74453653348323 
105 106 93.57352565630335 
38 37 365.0236456209988 
19 20 83.99999999999999 
77 82 83.25134448054578 
110 112 50.87226826674182 
80 97 36.65097212790008 
114 115 51.23420396627196 
11 12 114.44553208678752 
49 50 140.27115270403254 
65 66 320.3091591309488 
48 49 54.80952414107918
